λ> findCloseW64 (DVS.head $ fromBitTextByteString  "11100101 00000111 00000000")
x00: 11100101 00000111 00000000 00000000 00000000 00000000 00000000 00000000 : 57511
b00: 01101010 00001001 00000000 00000000 00000000 00000000 00000000 00000000 : 36950
b01: 11000100 00001100 00000000 00000000 00000000 00000000 00000000 00000000 : 12323
b02: 10100000 11000000 00000000 00000000 00000000 00000000 00000000 00000000 : 773
b03: 01010000 00001000 00001000 00001000 00001000 00001000 00001000 00001000 : 1157442765409226762
b04: 01111110 00000001 00010001 00001001 00011001 00000101 00010101 00001101 : 12729600923883044990
u00: 00000001 11111110 00000001 00000001 00000001 00000001 00000001 00000001 : 9259542123273813888
z00: 00000000 11100010 00000000 00000000 00000000 00000000 00000000 00000000 : 18176
b10: 01111110 01000001 01100001 01110001 01101001 01111001 01100101 01110101 : 12584920578206892670
u10: 00000001 00000001 00000001 00000001 00000001 00000001 00000001 00000001 : 9259542123273814144
z10: 00000000 11100010 00000000 00000000 00000000 00000000 00000000 00000000 : 18176
b20: 01111110 01000001 00100001 00110001 00101001 00111001 00100101 00110101 : 12440240232530739838
u20: 00000001 00000001 00000001 00000001 00000001 00000001 00000001 00000001 : 9259542123273814144
z20: 00000000 11100010 00000000 00000000 00000000 00000000 00000000 00000000 : 18176
b30: 01111110 00000001 00100001 00110001 00101001 00111001 00100101 00110101 : 12440240232530739326
u30: 00000001 11111110 00000001 00000001 00000001 00000001 00000001 00000001 : 9259542123273813888
z30: 00000000 10000010 00000000 00000000 00000000 00000000 00000000 00000000 : 16640
p00: 00010000 00000000 00000000 00000000 00000000 00000000 00000000 00000000 : 8
r00: 10010000 00000000 00000000 00000000 00000000 00000000 00000000 00000000 : 9
9

